0 2.00000000000000000 3.00000000000000000
0 4.00000000000000000 5.00000000000000000
0 6.00000000000000000 7.00000000000000000
0 8.00000000000000000 9.00000000000000000
1 10.00000000000000000 11.00000000000000000
0 12.00000000000000000 13.00000000000000000
1 14.00000000000000000 15.00000000000000000
0 17.00000000000000000 18.00000000000000000
1 20.00000000000000000 21.00000000000000000
1 19.00000000000000000 22.00000000000000000
1 24.00000000000000000 25.00000000000000000
1 23.00000000000000000 26.00000000000000000
0 28.00000000000000000 29.00000000000000000
1 31.00000000000000000 32.00000000000000000
1 30.00000000000000000 33.00000000000000000
0 34.00000000000000000 35.00000000000000000
1 37.00000000000000000 38.00000000000000000
1 36.00000000000000000 39.00000000000000000
1 41.00000000000000000 42.00000000000000000
1 40.00000000000000000 43.00000000000000000
1 45.00000000000000000 46.00000000000000000
1 44.00000000000000000 47.00000000000000000
1 49.00000000000000000 50.00000000000000000
1 48.00000000000000000 51.00000000000000000
1 52.00000000000000000 53.00000000000000000
0 1.00000000000000000 inf
1 16.00000000000000000 inf
1 27.00000000000000000 inf
2 54.00000000000000000 inf
