0 0.00000000000000000 0.00000000000000000
0 1.00000000000000000 1.00000000000000000
1 1.00000000000000000 1.00000000000000000
0 2.00000000000000000 2.00000000000000000
1 2.00000000000000000 2.00000000000000000
1 2.00000000000000000 2.00000000000000000
2 2.00000000000000000 2.00000000000000000
0 3.00000000000000000 3.00000000000000000
1 3.00000000000000000 3.00000000000000000
1 3.00000000000000000 3.00000000000000000
1 3.00000000000000000 3.00000000000000000
2 3.00000000000000000 3.00000000000000000
2 3.00000000000000000 3.00000000000000000
2 3.00000000000000000 3.00000000000000000
3 3.00000000000000000 3.00000000000000000
0 4.00000000000000000 4.00000000000000000
1 4.00000000000000000 4.00000000000000000
1 4.00000000000000000 4.00000000000000000
1 4.00000000000000000 4.00000000000000000
1 4.00000000000000000 4.00000000000000000
2 4.00000000000000000 4.00000000000000000
2 4.00000000000000000 4.00000000000000000
2 4.00000000000000000 4.00000000000000000
2 4.00000000000000000 4.00000000000000000
2 4.00000000000000000 4.00000000000000000
2 4.00000000000000000 4.00000000000000000
3 4.00000000000000000 4.00000000000000000
3 4.00000000000000000 4.00000000000000000
3 4.00000000000000000 4.00000000000000000
3 4.00000000000000000 4.00000000000000000
4 4.00000000000000000 4.00000000000000000
0 5.00000000000000000 5.00000000000000000
1 5.00000000000000000 5.00000000000000000
1 5.00000000000000000 5.00000000000000000
1 5.00000000000000000 5.00000000000000000
1 5.00000000000000000 5.00000000000000000
1 5.00000000000000000 5.00000000000000000
2 5.00000000000000000 5.00000000000000000
2 5.00000000000000000 5.00000000000000000
2 5.00000000000000000 5.00000000000000000
2 5.00000000000000000 5.00000000000000000
2 5.00000000000000000 5.00000000000000000
2 5.00000000000000000 5.00000000000000000
2 5.00000000000000000 5.00000000000000000
2 5.00000000000000000 5.00000000000000000
2 5.00000000000000000 5.00000000000000000
2 5.00000000000000000 5.00000000000000000
3 5.00000000000000000 5.00000000000000000
3 5.00000000000000000 5.00000000000000000
3 5.00000000000000000 5.00000000000000000
3 5.00000000000000000 5.00000000000000000
3 5.00000000000000000 5.00000000000000000
3 5.00000000000000000 5.00000000000000000
3 5.00000000000000000 5.00000000000000000
3 5.00000000000000000 5.00000000000000000
3 5.00000000000000000 5.00000000000000000
3 5.00000000000000000 5.00000000000000000
4 5.00000000000000000 5.00000000000000000
4 5.00000000000000000 5.00000000000000000
4 5.00000000000000000 5.00000000000000000
4 5.00000000000000000 5.00000000000000000
4 5.00000000000000000 5.00000000000000000
5 5.00000000000000000 5.00000000000000000
0 6.00000000000000000 6.00000000000000000
1 6.00000000000000000 6.00000000000000000
1 6.00000000000000000 6.00000000000000000
1 6.00000000000000000 6.00000000000000000
1 6.00000000000000000 6.00000000000000000
1 6.00000000000000000 6.00000000000000000
1 6.00000000000000000 6.00000000000000000
2 6.00000000000000000 6.00000000000000000
2 6.00000000000000000 6.00000000000000000
2 6.00000000000000000 6.00000000000000000
2 6.00000000000000000 6.00000000000000000
2 6.00000000000000000 6.00000000000000000
2 6.00000000000000000 6.00000000000000000
2 6.00000000000000000 6.00000000000000000
2 6.00000000000000000 6.00000000000000000
2 6.00000000000000000 6.00000000000000000
2 6.00000000000000000 6.00000000000000000
2 6.00000000000000000 6.00000000000000000
2 6.00000000000000000 6.00000000000000000
2 6.00000000000000000 6.00000000000000000
2 6.00000000000000000 6.00000000000000000
2 6.00000000000000000 6.00000000000000000
3 6.00000000000000000 6.00000000000000000
3 6.00000000000000000 6.00000000000000000
3 6.00000000000000000 6.00000000000000000
3 6.00000000000000000 6.00000000000000000
3 6.00000000000000000 6.00000000000000000
3 6.00000000000000000 6.00000000000000000
3 6.00000000000000000 6.00000000000000000
3 6.00000000000000000 6.00000000000000000
3 6.00000000000000000 6.00000000000000000
3 6.00000000000000000 6.00000000000000000
3 6.00000000000000000 6.00000000000000000
3 6.00000000000000000 6.00000000000000000
3 6.00000000000000000 6.00000000000000000
3 6.00000000000000000 6.00000000000000000
3 6.00000000000000000 6.00000000000000000
3 6.00000000000000000 6.00000000000000000
3 6.00000000000000000 6.00000000000000000
3 6.00000000000000000 6.00000000000000000
3 6.00000000000000000 6.00000000000000000
3 6.00000000000000000 6.00000000000000000
4 6.00000000000000000 6.00000000000000000
4 6.00000000000000000 6.00000000000000000
4 6.00000000000000000 6.00000000000000000
4 6.00000000000000000 6.00000000000000000
4 6.00000000000000000 6.00000000000000000
4 6.00000000000000000 6.00000000000000000
4 6.00000000000000000 6.00000000000000000
4 6.00000000000000000 6.00000000000000000
4 6.00000000000000000 6.00000000000000000
4 6.00000000000000000 6.00000000000000000
4 6.00000000000000000 6.00000000000000000
4 6.00000000000000000 6.00000000000000000
4 6.00000000000000000 6.00000000000000000
4 6.00000000000000000 6.00000000000000000
4 6.00000000000000000 6.00000000000000000
5 6.00000000000000000 6.00000000000000000
5 6.00000000000000000 6.00000000000000000
5 6.00000000000000000 6.00000000000000000
5 6.00000000000000000 6.00000000000000000
5 6.00000000000000000 6.00000000000000000
5 6.00000000000000000 6.00000000000000000
6 6.00000000000000000 6.00000000000000000
0 7.00000000000000000 7.00000000000000000
1 7.00000000000000000 7.00000000000000000
1 7.00000000000000000 7.00000000000000000
1 7.00000000000000000 7.00000000000000000
1 7.00000000000000000 7.00000000000000000
1 7.00000000000000000 7.00000000000000000
1 7.00000000000000000 7.00000000000000000
1 7.00000000000000000 7.00000000000000000
2 7.00000000000000000 7.00000000000000000
2 7.00000000000000000 7.00000000000000000
2 7.00000000000000000 7.00000000000000000
2 7.00000000000000000 7.00000000000000000
2 7.00000000000000000 7.00000000000000000
2 7.00000000000000000 7.00000000000000000
2 7.00000000000000000 7.00000000000000000
2 7.00000000000000000 7.00000000000000000
2 7.00000000000000000 7.00000000000000000
2 7.00000000000000000 7.00000000000000000
2 7.00000000000000000 7.00000000000000000
2 7.00000000000000000 7.00000000000000000
2 7.00000000000000000 7.00000000000000000
2 7.00000000000000000 7.00000000000000000
2 7.00000000000000000 7.00000000000000000
2 7.00000000000000000 7.00000000000000000
2 7.00000000000000000 7.00000000000000000
2 7.00000000000000000 7.00000000000000000
2 7.00000000000000000 7.00000000000000000
2 7.00000000000000000 7.00000000000000000
2 7.00000000000000000 7.00000000000000000
3 7.00000000000000000 7.00000000000000000
3 7.00000000000000000 7.00000000000000000
3 7.00000000000000000 7.00000000000000000
3 7.00000000000000000 7.00000000000000000
3 7.00000000000000000 7.00000000000000000
3 7.00000000000000000 7.00000000000000000
3 7.00000000000000000 7.00000000000000000
3 7.00000000000000000 7.00000000000000000
3 7.00000000000000000 7.00000000000000000
3 7.00000000000000000 7.00000000000000000
3 7.00000000000000000 7.00000000000000000
3 7.00000000000000000 7.00000000000000000
3 7.00000000000000000 7.00000000000000000
3 7.00000000000000000 7.00000000000000000
3 7.00000000000000000 7.00000000000000000
3 7.00000000000000000 7.00000000000000000
3 7.00000000000000000 7.00000000000000000
3 7.00000000000000000 7.00000000000000000
3 7.00000000000000000 7.00000000000000000
3 7.00000000000000000 7.00000000000000000
3 7.00000000000000000 7.00000000000000000
3 7.00000000000000000 7.00000000000000000
3 7.00000000000000000 7.00000000000000000
3 7.00000000000000000 7.00000000000000000
3 7.00000000000000000 7.00000000000000000
3 7.00000000000000000 7.00000000000000000
3 7.00000000000000000 7.00000000000000000
3 7.00000000000000000 7.00000000000000000
3 7.00000000000000000 7.00000000000000000
3 7.00000000000000000 7.00000000000000000
3 7.00000000000000000 7.00000000000000000
3 7.00000000000000000 7.00000000000000000
3 7.00000000000000000 7.00000000000000000
3 7.00000000000000000 7.00000000000000000
3 7.00000000000000000 7.00000000000000000
4 7.00000000000000000 7.00000000000000000
4 7.00000000000000000 7.00000000000000000
4 7.00000000000000000 7.00000000000000000
4 7.00000000000000000 7.00000000000000000
4 7.00000000000000000 7.00000000000000000
4 7.00000000000000000 7.00000000000000000
4 7.00000000000000000 7.00000000000000000
4 7.00000000000000000 7.00000000000000000
4 7.00000000000000000 7.00000000000000000
4 7.00000000000000000 7.00000000000000000
4 7.00000000000000000 7.00000000000000000
4 7.00000000000000000 7.00000000000000000
4 7.00000000000000000 7.00000000000000000
4 7.00000000000000000 7.00000000000000000
4 7.00000000000000000 7.00000000000000000
4 7.00000000000000000 7.00000000000000000
4 7.00000000000000000 7.00000000000000000
4 7.00000000000000000 7.00000000000000000
4 7.00000000000000000 7.00000000000000000
4 7.00000000000000000 7.00000000000000000
4 7.00000000000000000 7.00000000000000000
4 7.00000000000000000 7.00000000000000000
4 7.00000000000000000 7.00000000000000000
4 7.00000000000000000 7.00000000000000000
4 7.00000000000000000 7.00000000000000000
4 7.00000000000000000 7.00000000000000000
4 7.00000000000000000 7.00000000000000000
4 7.00000000000000000 7.00000000000000000
4 7.00000000000000000 7.00000000000000000
4 7.00000000000000000 7.00000000000000000
4 7.00000000000000000 7.00000000000000000
4 7.00000000000000000 7.00000000000000000
4 7.00000000000000000 7.00000000000000000
4 7.00000000000000000 7.00000000000000000
4 7.00000000000000000 7.00000000000000000
5 7.00000000000000000 7.00000000000000000
5 7.00000000000000000 7.00000000000000000
5 7.00000000000000000 7.00000000000000000
5 7.00000000000000000 7.00000000000000000
5 7.00000000000000000 7.00000000000000000
5 7.00000000000000000 7.00000000000000000
5 7.00000000000000000 7.00000000000000000
5 7.00000000000000000 7.00000000000000000
5 7.00000000000000000 7.00000000000000000
5 7.00000000000000000 7.00000000000000000
5 7.00000000000000000 7.00000000000000000
5 7.00000000000000000 7.00000000000000000
5 7.00000000000000000 7.00000000000000000
5 7.00000000000000000 7.00000000000000000
5 7.00000000000000000 7.00000000000000000
5 7.00000000000000000 7.00000000000000000
5 7.00000000000000000 7.00000000000000000
5 7.00000000000000000 7.00000000000000000
5 7.00000000000000000 7.00000000000000000
5 7.00000000000000000 7.00000000000000000
5 7.00000000000000000 7.00000000000000000
6 7.00000000000000000 7.00000000000000000
6 7.00000000000000000 7.00000000000000000
6 7.00000000000000000 7.00000000000000000
6 7.00000000000000000 7.00000000000000000
6 7.00000000000000000 7.00000000000000000
6 7.00000000000000000 7.00000000000000000
6 7.00000000000000000 7.00000000000000000
7 7.00000000000000000 7.00000000000000000
0 8.00000000000000000 8.00000000000000000
1 8.00000000000000000 8.00000000000000000
1 8.00000000000000000 8.00000000000000000
1 8.00000000000000000 8.00000000000000000
1 8.00000000000000000 8.00000000000000000
1 8.00000000000000000 8.00000000000000000
1 8.00000000000000000 8.00000000000000000
1 8.00000000000000000 8.00000000000000000
1 8.00000000000000000 8.00000000000000000
2 8.00000000000000000 8.00000000000000000
2 8.00000000000000000 8.00000000000000000
2 8.00000000000000000 8.00000000000000000
2 8.00000000000000000 8.00000000000000000
2 8.00000000000000000 8.00000000000000000
2 8.00000000000000000 8.00000000000000000
2 8.00000000000000000 8.00000000000000000
2 8.00000000000000000 8.00000000000000000
2 8.00000000000000000 8.00000000000000000
2 8.00000000000000000 8.00000000000000000
2 8.00000000000000000 8.00000000000000000
2 8.00000000000000000 8.00000000000000000
2 8.00000000000000000 8.00000000000000000
2 8.00000000000000000 8.00000000000000000
2 8.00000000000000000 8.00000000000000000
2 8.00000000000000000 8.00000000000000000
2 8.00000000000000000 8.00000000000000000
2 8.00000000000000000 8.00000000000000000
2 8.00000000000000000 8.00000000000000000
2 8.00000000000000000 8.00000000000000000
2 8.00000000000000000 8.00000000000000000
2 8.00000000000000000 8.00000000000000000
2 8.00000000000000000 8.00000000000000000
2 8.00000000000000000 8.00000000000000000
2 8.00000000000000000 8.00000000000000000
2 8.00000000000000000 8.00000000000000000
2 8.00000000000000000 8.00000000000000000
2 8.00000000000000000 8.00000000000000000
3 8.00000000000000000 8.00000000000000000
3 8.00000000000000000 8.00000000000000000
3 8.00000000000000000 8.00000000000000000
3 8.00000000000000000 8.00000000000000000
3 8.00000000000000000 8.00000000000000000
3 8.00000000000000000 8.00000000000000000
3 8.00000000000000000 8.00000000000000000
3 8.00000000000000000 8.00000000000000000
3 8.00000000000000000 8.00000000000000000
3 8.00000000000000000 8.00000000000000000
3 8.00000000000000000 8.00000000000000000
3 8.00000000000000000 8.00000000000000000
3 8.00000000000000000 8.00000000000000000
3 8.00000000000000000 8.00000000000000000
3 8.00000000000000000 8.00000000000000000
3 8.00000000000000000 8.00000000000000000
3 8.00000000000000000 8.00000000000000000
3 8.00000000000000000 8.00000000000000000
3 8.00000000000000000 8.00000000000000000
3 8.00000000000000000 8.00000000000000000
3 8.00000000000000000 8.00000000000000000
3 8.00000000000000000 8.00000000000000000
3 8.00000000000000000 8.00000000000000000
3 8.00000000000000000 8.00000000000000000
3 8.00000000000000000 8.00000000000000000
3 8.00000000000000000 8.00000000000000000
3 8.00000000000000000 8.00000000000000000
3 8.00000000000000000 8.00000000000000000
3 8.00000000000000000 8.00000000000000000
3 8.00000000000000000 8.00000000000000000
3 8.00000000000000000 8.00000000000000000
3 8.00000000000000000 8.00000000000000000
3 8.00000000000000000 8.00000000000000000
3 8.00000000000000000 8.00000000000000000
3 8.00000000000000000 8.00000000000000000
3 8.00000000000000000 8.00000000000000000
3 8.00000000000000000 8.00000000000000000
3 8.00000000000000000 8.00000000000000000
3 8.00000000000000000 8.00000000000000000
3 8.00000000000000000 8.00000000000000000
3 8.00000000000000000 8.00000000000000000
3 8.00000000000000000 8.00000000000000000
3 8.00000000000000000 8.00000000000000000
3 8.00000000000000000 8.00000000000000000
3 8.00000000000000000 8.00000000000000000
3 8.00000000000000000 8.00000000000000000
3 8.00000000000000000 8.00000000000000000
3 8.00000000000000000 8.00000000000000000
3 8.00000000000000000 8.00000000000000000
3 8.00000000000000000 8.00000000000000000
3 8.00000000000000000 8.00000000000000000
3 8.00000000000000000 8.00000000000000000
3 8.00000000000000000 8.00000000000000000
3 8.00000000000000000 8.00000000000000000
3 8.00000000000000000 8.00000000000000000
3 8.00000000000000000 8.00000000000000000
4 8.00000000000000000 8.00000000000000000
4 8.00000000000000000 8.00000000000000000
4 8.00000000000000000 8.00000000000000000
4 8.00000000000000000 8.00000000000000000
4 8.00000000000000000 8.00000000000000000
4 8.00000000000000000 8.00000000000000000
4 8.00000000000000000 8.00000000000000000
4 8.00000000000000000 8.00000000000000000
4 8.00000000000000000 8.00000000000000000
4 8.00000000000000000 8.00000000000000000
4 8.00000000000000000 8.00000000000000000
4 8.00000000000000000 8.00000000000000000
4 8.00000000000000000 8.00000000000000000
4 8.00000000000000000 8.00000000000000000
4 8.00000000000000000 8.00000000000000000
4 8.00000000000000000 8.00000000000000000
4 8.00000000000000000 8.00000000000000000
4 8.00000000000000000 8.00000000000000000
4 8.00000000000000000 8.00000000000000000
4 8.00000000000000000 8.00000000000000000
4 8.00000000000000000 8.00000000000000000
4 8.00000000000000000 8.00000000000000000
4 8.00000000000000000 8.00000000000000000
4 8.00000000000000000 8.00000000000000000
4 8.00000000000000000 8.00000000000000000
4 8.00000000000000000 8.00000000000000000
4 8.00000000000000000 8.00000000000000000
4 8.00000000000000000 8.00000000000000000
4 8.00000000000000000 8.00000000000000000
4 8.00000000000000000 8.00000000000000000
4 8.00000000000000000 8.00000000000000000
4 8.00000000000000000 8.00000000000000000
4 8.00000000000000000 8.00000000000000000
4 8.00000000000000000 8.00000000000000000
4 8.00000000000000000 8.00000000000000000
4 8.00000000000000000 8.00000000000000000
4 8.00000000000000000 8.00000000000000000
4 8.00000000000000000 8.00000000000000000
4 8.00000000000000000 8.00000000000000000
4 8.00000000000000000 8.00000000000000000
4 8.00000000000000000 8.00000000000000000
4 8.00000000000000000 8.00000000000000000
4 8.00000000000000000 8.00000000000000000
4 8.00000000000000000 8.00000000000000000
4 8.00000000000000000 8.00000000000000000
4 8.00000000000000000 8.00000000000000000
4 8.00000000000000000 8.00000000000000000
4 8.00000000000000000 8.00000000000000000
4 8.00000000000000000 8.00000000000000000
4 8.00000000000000000 8.00000000000000000
4 8.00000000000000000 8.00000000000000000
4 8.00000000000000000 8.00000000000000000
4 8.00000000000000000 8.00000000000000000
4 8.00000000000000000 8.00000000000000000
4 8.00000000000000000 8.00000000000000000
4 8.00000000000000000 8.00000000000000000
4 8.00000000000000000 8.00000000000000000
4 8.00000000000000000 8.00000000000000000
4 8.00000000000000000 8.00000000000000000
4 8.00000000000000000 8.00000000000000000
4 8.00000000000000000 8.00000000000000000
4 8.00000000000000000 8.00000000000000000
4 8.00000000000000000 8.00000000000000000
4 8.00000000000000000 8.00000000000000000
4 8.00000000000000000 8.00000000000000000
4 8.00000000000000000 8.00000000000000000
4 8.00000000000000000 8.00000000000000000
4 8.00000000000000000 8.00000000000000000
4 8.00000000000000000 8.00000000000000000
4 8.00000000000000000 8.00000000000000000
5 8.00000000000000000 8.00000000000000000
5 8.00000000000000000 8.00000000000000000
5 8.00000000000000000 8.00000000000000000
5 8.00000000000000000 8.00000000000000000
5 8.00000000000000000 8.00000000000000000
5 8.00000000000000000 8.00000000000000000
5 8.00000000000000000 8.00000000000000000
5 8.00000000000000000 8.00000000000000000
5 8.00000000000000000 8.00000000000000000
5 8.00000000000000000 8.00000000000000000
5 8.00000000000000000 8.00000000000000000
5 8.00000000000000000 8.00000000000000000
5 8.00000000000000000 8.00000000000000000
5 8.00000000000000000 8.00000000000000000
5 8.00000000000000000 8.00000000000000000
5 8.00000000000000000 8.00000000000000000
5 8.00000000000000000 8.00000000000000000
5 8.00000000000000000 8.00000000000000000
5 8.00000000000000000 8.00000000000000000
5 8.00000000000000000 8.00000000000000000
5 8.00000000000000000 8.00000000000000000
5 8.00000000000000000 8.00000000000000000
5 8.00000000000000000 8.00000000000000000
5 8.00000000000000000 8.00000000000000000
5 8.00000000000000000 8.00000000000000000
5 8.00000000000000000 8.00000000000000000
5 8.00000000000000000 8.00000000000000000
5 8.00000000000000000 8.00000000000000000
5 8.00000000000000000 8.00000000000000000
5 8.00000000000000000 8.00000000000000000
5 8.00000000000000000 8.00000000000000000
5 8.00000000000000000 8.00000000000000000
5 8.00000000000000000 8.00000000000000000
5 8.00000000000000000 8.00000000000000000
5 8.00000000000000000 8.00000000000000000
5 8.00000000000000000 8.00000000000000000
5 8.00000000000000000 8.00000000000000000
5 8.00000000000000000 8.00000000000000000
5 8.00000000000000000 8.00000000000000000
5 8.00000000000000000 8.00000000000000000
5 8.00000000000000000 8.00000000000000000
5 8.00000000000000000 8.00000000000000000
5 8.00000000000000000 8.00000000000000000
5 8.00000000000000000 8.00000000000000000
5 8.00000000000000000 8.00000000000000000
5 8.00000000000000000 8.00000000000000000
5 8.00000000000000000 8.00000000000000000
5 8.00000000000000000 8.00000000000000000
5 8.00000000000000000 8.00000000000000000
5 8.00000000000000000 8.00000000000000000
5 8.00000000000000000 8.00000000000000000
5 8.00000000000000000 8.00000000000000000
5 8.00000000000000000 8.00000000000000000
5 8.00000000000000000 8.00000000000000000
5 8.00000000000000000 8.00000000000000000
5 8.00000000000000000 8.00000000000000000
6 8.00000000000000000 8.00000000000000000
6 8.00000000000000000 8.00000000000000000
6 8.00000000000000000 8.00000000000000000
6 8.00000000000000000 8.00000000000000000
6 8.00000000000000000 8.00000000000000000
6 8.00000000000000000 8.00000000000000000
6 8.00000000000000000 8.00000000000000000
6 8.00000000000000000 8.00000000000000000
6 8.00000000000000000 8.00000000000000000
6 8.00000000000000000 8.00000000000000000
6 8.00000000000000000 8.00000000000000000
6 8.00000000000000000 8.00000000000000000
6 8.00000000000000000 8.00000000000000000
6 8.00000000000000000 8.00000000000000000
6 8.00000000000000000 8.00000000000000000
6 8.00000000000000000 8.00000000000000000
6 8.00000000000000000 8.00000000000000000
6 8.00000000000000000 8.00000000000000000
6 8.00000000000000000 8.00000000000000000
6 8.00000000000000000 8.00000000000000000
6 8.00000000000000000 8.00000000000000000
6 8.00000000000000000 8.00000000000000000
6 8.00000000000000000 8.00000000000000000
6 8.00000000000000000 8.00000000000000000
6 8.00000000000000000 8.00000000000000000
6 8.00000000000000000 8.00000000000000000
6 8.00000000000000000 8.00000000000000000
6 8.00000000000000000 8.00000000000000000
7 8.00000000000000000 8.00000000000000000
7 8.00000000000000000 8.00000000000000000
7 8.00000000000000000 8.00000000000000000
7 8.00000000000000000 8.00000000000000000
7 8.00000000000000000 8.00000000000000000
7 8.00000000000000000 8.00000000000000000
7 8.00000000000000000 8.00000000000000000
7 8.00000000000000000 8.00000000000000000
0 0.00000000000000000 inf
8 8.00000000000000000 inf
