0 0.00000000000000000 0.00000000000000000
0 1.00000000000000000 1.00000000000000000
1 1.00000000000000000 1.00000000000000000
0 2.00000000000000000 2.00000000000000000
1 2.00000000000000000 2.00000000000000000
1 2.00000000000000000 2.00000000000000000
2 2.00000000000000000 2.00000000000000000
0 3.00000000000000000 3.00000000000000000
1 3.00000000000000000 3.00000000000000000
1 3.00000000000000000 3.00000000000000000
1 3.00000000000000000 3.00000000000000000
2 3.00000000000000000 3.00000000000000000
2 3.00000000000000000 3.00000000000000000
2 3.00000000000000000 3.00000000000000000
0 0.00000000000000000 inf
3 3.00000000000000000 inf
