0 1.00000000000000000 2.00000000000000000
0 3.00000000000000000 4.00000000000000000
0 5.00000000000000000 6.00000000000000000
0 7.00000000000000000 8.00000000000000000
0 9.00000000000000000 10.00000000000000000
1 11.00000000000000000 12.00000000000000000
1 13.00000000000000000 14.00000000000000000
1 15.00000000000000000 16.00000000000000000
1 17.00000000000000000 18.00000000000000000
1 21.00000000000000000 22.00000000000000000
1 20.00000000000000000 23.00000000000000000
0 0.00000000000000000 inf
1 19.00000000000000000 inf
