0 2.00000000000000000 3.00000000000000000
0 4.00000000000000000 5.00000000000000000
0 6.00000000000000000 7.00000000000000000
0 8.00000000000000000 9.00000000000000000
0 10.00000000000000000 11.00000000000000000
1 12.00000000000000000 13.00000000000000000
1 14.00000000000000000 15.00000000000000000
1 16.00000000000000000 17.00000000000000000
1 18.00000000000000000 19.00000000000000000
1 21.00000000000000000 22.00000000000000000
1 23.00000000000000000 24.00000000000000000
1 25.00000000000000000 26.00000000000000000
1 27.00000000000000000 28.00000000000000000
1 29.00000000000000000 30.00000000000000000
0 1.00000000000000000 inf
1 20.00000000000000000 inf
2 31.00000000000000000 inf
