0 1.00000000000000000 2.00000000000000000
0 3.00000000000000000 4.00000000000000000
0 5.00000000000000000 6.00000000000000000
0 7.00000000000000000 8.00000000000000000
0 9.00000000000000000 10.00000000000000000
0 11.00000000000000000 12.00000000000000000
0 13.00000000000000000 14.00000000000000000
0 15.00000000000000000 16.00000000000000000
1 19.00000000000000000 20.00000000000000000
1 21.00000000000000000 22.00000000000000000
1 23.00000000000000000 24.00000000000000000
1 25.00000000000000000 26.00000000000000000
1 27.00000000000000000 28.00000000000000000
1 30.00000000000000000 31.00000000000000000
1 29.00000000000000000 32.00000000000000000
1 33.00000000000000000 34.00000000000000000
1 35.00000000000000000 36.00000000000000000
1 37.00000000000000000 38.00000000000000000
1 39.00000000000000000 40.00000000000000000
1 41.00000000000000000 42.00000000000000000
1 43.00000000000000000 44.00000000000000000
1 45.00000000000000000 46.00000000000000000
1 47.00000000000000000 48.00000000000000000
1 49.00000000000000000 50.00000000000000000
1 51.00000000000000000 52.00000000000000000
0 0.00000000000000000 inf
1 17.00000000000000000 inf
1 18.00000000000000000 inf
2 53.00000000000000000 inf
